# accelerator: mumu10tev, parameters: pairs10tev_fast, skip_base: 10
# columns: chain, event, n_stored, lumi_m2, n_pt_0.015, n_pt_0.1, n_pt_0.3, n_pt_0.7, n_pt_1.4
1 1 556651 2.77275e+35 6985 361 58 17 1
1 2 545538 2.73685e+35 6803 327 43 9 2
1 3 547171 2.73963e+35 7047 359 53 9 1
1 4 559426 2.78659e+35 6966 375 61 7 1
1 5 566162 2.80995e+35 7018 341 55 11 1
1 6 551514 2.76659e+35 7134 414 59 13 1
1 7 551742 2.75912e+35 7048 337 44 10 2
1 8 552913 2.76703e+35 7023 377 46 10 1
1 9 557519 2.77661e+35 7279 340 37 6 0
1 10 555359 2.77696e+35 6808 339 47 11 3
1 11 554183 2.78948e+35 7275 375 46 11 1
1 12 545900 2.71855e+35 6752 319 47 9 1
1 13 561555 2.81184e+35 7042 373 49 10 4
1 14 560420 2.78441e+35 7123 406 60 11 1
1 15 560885 2.79797e+35 7109 396 49 7 1
1 16 563731 2.81253e+35 7052 364 59 11 1
1 17 556560 2.77471e+35 7062 382 45 6 1
1 18 549998 2.74431e+35 6839 345 43 7 2
1 19 548288 2.7406e+35 6836 360 43 5 3
1 20 555496 2.79265e+35 7060 346 44 7 0
1 21 541792 2.71299e+35 6727 365 25 4 2
1 22 547083 2.75395e+35 6891 342 44 10 2
1 23 545783 2.74662e+35 7048 376 46 6 1
1 24 558288 2.78933e+35 6780 374 56 8 2
1 25 559705 2.8095e+35 7250 367 47 6 1
1 26 560263 2.79198e+35 7009 372 58 12 2
1 27 554416 2.76033e+35 6869 401 41 5 1
1 28 547823 2.73512e+35 6986 363 51 7 1
1 29 558108 2.8054e+35 6951 326 38 3 1
1 30 559931 2.79443e+35 6961 389 54 10 3
2 1 557777 2.78983e+35 6997 378 47 9 1
2 2 559567 2.80142e+35 7155 337 45 1 1
2 3 559938 2.80872e+35 7051 358 50 5 0
2 4 549472 2.75567e+35 6925 352 54 4 0
2 5 555220 2.76478e+35 7007 367 49 11 3
2 6 557717 2.78252e+35 7263 409 54 11 5
2 7 559339 2.77927e+35 7022 419 47 8 1
2 8 558474 2.7949e+35 7117 383 49 12 0
2 9 561403 2.76685e+35 7188 352 47 5 1
2 10 554906 2.76743e+35 7026 381 50 10 1
2 11 546909 2.7643e+35 6856 365 36 5 1
2 12 557123 2.76982e+35 6964 358 51 13 1
2 13 548098 2.74626e+35 6744 343 45 8 1
2 14 555796 2.763e+35 7156 362 64 14 3
2 15 558782 2.77848e+35 7097 357 36 2 1
2 16 545500 2.729e+35 6835 341 44 7 0
2 17 554403 2.75896e+35 6914 332 53 10 4
2 18 547002 2.73578e+35 6868 379 52 6 2
2 19 552133 2.76988e+35 7033 335 48 5 0
2 20 548957 2.74828e+35 7115 389 55 7 2
2 21 543886 2.72479e+35 6989 363 44 6 0
2 22 554067 2.7853e+35 7204 353 42 10 1
2 23 543917 2.74017e+35 6826 329 42 9 5
2 24 551871 2.7678e+35 6806 350 47 10 1
2 25 557462 2.78096e+35 6996 363 53 3 0
2 26 552022 2.75718e+35 6980 356 39 7 2
2 27 562184 2.78845e+35 7030 365 33 3 0
2 28 554338 2.76687e+35 7070 369 38 16 4
2 29 555451 2.77282e+35 6981 378 49 11 2
2 30 553297 2.75165e+35 6906 352 40 8 3
