# accelerator: mumu10tev, parameters: pairs10tev, skip_base: 10
# columns: chain, event, n_stored, lumi_m2, n_pt_0.015, n_pt_0.1, n_pt_0.3, n_pt_0.7, n_pt_1.4
1 1 564714 2.82551e+35 6884 378 57 8 1
1 2 565908 2.81836e+35 7042 332 51 3 0
1 3 563478 2.81673e+35 7057 374 45 10 1
1 4 564621 2.8239e+35 7101 414 61 9 1
1 5 564807 2.82347e+35 7201 357 50 9 1
1 6 565611 2.81946e+35 7147 383 57 11 3
1 7 562074 2.81063e+35 7071 343 53 3 1
1 8 566199 2.82837e+35 7235 393 50 9 1
1 9 564804 2.82019e+35 7072 368 56 9 1
1 10 561517 2.80612e+35 7056 368 42 6 4
2 1 566665 2.8236e+35 7147 393 63 14 2
2 2 569863 2.84288e+35 7181 378 52 9 1
2 3 567826 2.83723e+35 7221 397 41 6 0
2 4 562429 2.82704e+35 7165 396 54 14 1
2 5 567828 2.82725e+35 7312 401 50 9 0
2 6 565141 2.80655e+35 7054 397 66 15 4
2 7 566970 2.82531e+35 7146 358 47 9 2
2 8 566377 2.82777e+35 7097 343 43 9 0
2 9 563311 2.81541e+35 7105 348 60 9 2
2 10 562462 2.8182e+35 7260 389 48 12 0
