# accelerator: mumu10tev, parameters: pairs10tev
# columns: chain, event, n_stored, lumi_m2, n_pt_0.015, n_pt_1.4
1 1 565474 2.8248e+35 7141 0
1 2 560099 2.78453e+35 7037 0
1 3 567732 2.83139e+35 7095 1
1 4 564347 2.81682e+35 7035 0
1 5 558474 2.78576e+35 7023 2
1 6 564692 2.80993e+35 7088 1
1 7 565360 2.82773e+35 7042 1
1 8 567149 2.82211e+35 7097 1
1 9 570254 2.84931e+35 7073 3
1 10 566765 2.82827e+35 7136 0
1 11 563700 2.81679e+35 6932 1
1 12 565004 2.82452e+35 7071 1
2 1 564848 2.822e+35 7099 4
2 2 559268 2.8002e+35 7106 2
2 3 567022 2.8222e+35 7379 0
2 4 558090 2.79104e+35 7007 4
2 5 565395 2.81924e+35 7041 2
2 6 567753 2.82676e+35 7138 0
2 7 560680 2.81264e+35 7099 1
2 8 565700 2.83598e+35 7101 0
2 9 567635 2.81381e+35 7113 2
2 10 567662 2.82757e+35 7040 1
2 11 565530 2.82608e+35 7091 1
2 12 568114 2.82403e+35 7185 3
