# accelerator: mumu3tev, parameters: pairs3tev
# columns: chain, event, n_stored, lumi_m2, n_pt_0.015, n_pt_1.4
1 1 51326 3.98846e+34 262 0
1 2 50976 3.97009e+34 202 0
1 3 50982 3.97468e+34 220 0
1 4 50157 3.94712e+34 220 0
1 5 50648 3.97289e+34 221 0
1 6 50455 3.97029e+34 226 0
1 7 50973 3.96706e+34 207 0
1 8 50790 3.97515e+34 209 1
1 9 50555 3.96422e+34 199 0
1 10 51670 4.0297e+34 232 0
1 11 50658 3.98135e+34 222 0
1 12 50337 3.96009e+34 227 0
2 1 50803 3.9846e+34 218 0
2 2 50468 3.96217e+34 197 0
2 3 50235 3.93749e+34 209 0
2 4 51169 3.97462e+34 196 0
2 5 50449 3.97077e+34 235 0
2 6 50366 3.9718e+34 186 0
2 7 51279 3.97112e+34 240 0
2 8 50616 3.95648e+34 221 0
2 9 51382 3.98372e+34 242 0
2 10 50412 3.97021e+34 245 0
2 11 50486 3.98411e+34 198 0
2 12 50347 3.95523e+34 216 0
